6	3	1	4	1	2
6	3	1	4	2	5
5	4	3	6	3	2
6	2	2	4	6	6
1	6	3	4	2	2
5	1	4	1	5	2

1)
3 25 9 14 6 3 
18 4 17 3 14 3 
23 22 9 7 15 19 
21 4 18 18 18 3 
2 20 21 21 20 4 
4 13 15 19 16 6
F* = 17 + 25 + 19 + 21 + 20 + 19 = 121
Путь: (2;3), (1;2), (3;6), (4;1), (5;5), (6;4)
работает на данной задаче

2)
17 32 13 33 7 18 
33 24 26 24 15 24 
9 28 26 17 16 32 
9 27 26 1 25 16 
21 4 26 3 11 9 
33 8 3 4 26 6 
F* = 33 + 33 + 32 + 27 + 26 + 26 = 177
Путь: (1;4), (2;1), (3;6), (4;2), (5;3), (6;5)
работает

3)
28 18 13 30 20 24 
36 11 9 22 12 20 
15 15 4 32 22 36 
18 1 24 14 27 28 
16 4 36 24 27 11 
27 7 10 10 12 30 

в таком виде решается :)
16	4	36	24	27	11
36	11	9	22	12	20
27	7	10	10	12	30
15	15	4	32	22	36
28	18	13	30	20	24
18	1	24	14	27	28

4)
29 9 36 34 11 3 
20 1 13 6 9 7 
17 34 17 14 28 20 
22 1 24 14 3 3 
14 33 25 9 20 26 
6 26 4 35 24 27 

Objective function = 166
Human <-> Object
1 <-> 4
2 <-> 1
3 <-> 5
4 <-> 3
5 <-> 2
6 <-> 6

5)
7 26 35 25 27 23 
9 4 2 15 31 22 
28 19 13 23 34 11 
28 16 10 27 35 5 
25 11 3 27 24 24 
23 16 24 21 20 17 
Objective function = 161
Human <-> Object
1 <-> 1
2 <-> 5
3 <-> 1
4 <-> 2
5 <-> 6
6 <-> 4