0 18 19 9 13 0 
0 14 23 9 0 11 
2 17 11 30 25 10 
20 16 17 1 3 23 
30 24 0 28 20 11 
6 23 2 11 22 28 

20 14 7 8 20 4 29 
22 4 7 15 15 9 2 
8 5 18 27 19 27 24 
11 4 13 9 20 4 26 
28 27 26 21 26 21 8 
14 19 12 3 27 14 26 
20 26 21 24 13 29 25 

10 0 5 4 17 5 8 
15 27 6 29 14 30 5 
10 13 25 13 23 12 12 
24 13 22 0 10 0 24 
5 13 24 9 29 7 8 
0 0 2 2 4 9 13 
13 20 10 6 24 21 7 

25 1 10 23 
22 27 27 1 
17 5 9 17 
18 21 6 7 

17 9 12 26 9 
16 1 18 9 15 
24 15 7 16 29 
22 9 1 9 2 
15 15 13 13 12 

11 27 29 2 9 1 4 28 1 
3 29 30 27 2 28 16 3 10 
22 0 24 18 28 16 0 1 7 
29 10 16 27 2 5 0 4 30 
15 1 30 3 7 12 17 16 20 
3 26 11 16 10 11 6 22 8 
23 15 23 7 11 26 8 13 2 
15 17 18 20 20 21 22 14 7 
14 13 2 13 23 20 17 26 23 

26 20 13 20 17 14 14 
10 12 7 18 29 30 16 
30 10 0 0 13 20 1 
4 18 3 26 18 6 22 
21 7 14 11 11 3 21 
24 22 8 5 3 3 8 
12 19 21 19 25 7 28 

15 24 25 26 29 3 7 
18 28 13 20 5 3 8 
7 2 11 24 19 20 11 
27 19 22 9 28 28 4 
29 3 16 20 2 6 7 
29 5 2 15 22 13 25 
7 26 26 11 20 16 3 

1 10 0 29 
14 11 21 10 
25 23 26 24 
4 18 9 25 

1 14 29 0 13 22 
9 9 29 30 18 23 
26 13 13 10 1 23 
12 10 20 28 4 7 
9 20 20 10 13 29 
15 23 9 12 1 29 

2 5 1 27 10 24 4 22 12 
23 17 24 24 28 7 27 1 14 
10 19 5 19 22 15 9 16 1 
18 22 18 1 0 11 6 19 26 
21 26 14 1 18 18 18 7 8 
6 12 21 24 21 0 4 6 11 
7 8 9 17 21 14 3 22 3 
30 29 17 23 18 26 14 28 26 
6 24 2 23 12 26 10 21 5 

28 30 20 21 
2 10 10 20 
23 3 9 13 
8 22 22 22 

21 23 7 24 11 25 19 12 10 
15 11 25 26 27 24 20 30 13 
2 24 17 8 10 2 7 2 21 
1 4 4 23 28 4 7 24 21 
27 20 25 24 19 25 2 29 2 
4 15 12 17 11 1 3 23 19 
14 7 13 6 11 1 13 3 28 
15 24 9 16 17 30 13 12 6 
29 21 9 1 19 19 30 7 25 

1 2 1 11 10 
16 25 16 5 11 
24 6 1 22 1 
26 23 20 8 12 
27 13 8 12 8 

25 21 21 30 14 22 
9 0 23 30 19 7 
5 29 24 6 18 10 
7 11 28 29 24 11 
19 10 6 30 6 12 
2 3 2 1 16 8 

16 14 21 8 8 
16 26 23 15 6 
9 20 14 12 13 
23 25 9 13 24 
6 25 24 9 6 

3 25 3 2 6 6 5 
6 1 4 11 9 25 20 
2 0 4 27 19 5 12 
27 24 2 6 10 16 3 
21 19 20 30 6 28 8 
9 3 11 30 14 15 27 
6 14 22 9 27 9 14 

8 19 24 8 14 
27 26 6 10 17 
26 18 16 22 18 
10 6 23 2 29 
25 20 19 29 23 

23 21 5 10 15 
29 19 7 13 2 
14 19 20 9 16 
30 22 27 18 19 
26 11 0 15 10 

18 26 9 23 26 
26 19 9 9 23 
13 0 9 2 25 
17 26 3 6 3 
12 11 3 24 24 

17 3 21 26 
27 3 13 12 
23 13 11 10 
28 2 5 8 

23 23 25 9 6 20 9 
13 14 9 15 23 15 2 
7 19 26 10 19 23 10 
24 19 25 4 8 22 10 
7 25 29 13 21 19 22 
7 26 20 15 8 4 16 
11 4 8 4 27 3 8 

18 26 1 9 
23 21 30 6 
11 30 21 20 
24 22 14 29 

8 5 12 22 30 24 23 
8 17 19 21 15 18 30 
27 16 13 27 4 17 19 
26 24 16 7 17 19 8 
5 16 22 20 4 29 22 
11 15 15 19 14 15 8 
26 22 13 4 28 30 26 

1 5 12 9 23 13 23 3 5 
6 18 0 1 27 0 1 5 7 
22 5 24 2 23 30 14 19 21 
22 15 12 29 16 7 1 26 15 
24 6 14 21 10 25 12 17 1 
18 8 18 24 17 5 8 2 5 
13 25 23 18 11 7 9 9 21 
16 15 4 11 8 21 26 19 29 
19 25 29 16 23 19 16 23 30 

16 0 21 5 16 
3 15 21 10 0 
21 12 5 0 7 
18 15 10 14 9 
19 5 24 8 28 

15 16 8 2 
18 1 5 6 
22 4 21 15 
5 13 9 13 

24 7 5 16 6 23 16 
15 18 23 8 2 15 2 
30 30 12 12 17 10 27 
13 13 22 25 15 26 29 
24 18 10 12 29 24 12 
24 1 15 7 17 18 12 
0 8 8 12 26 3 4 

8 13 22 4 20 
6 3 25 29 24 
5 6 5 20 9 
28 22 17 19 1 
22 10 15 6 19 

12 26 22 28 7 22 
20 27 19 25 10 29 
1 24 14 7 18 18 
29 3 26 26 17 1 
9 9 17 19 6 3 
21 20 25 18 2 22 

29 10 16 20 12 15 2 
21 4 21 26 20 1 21 
30 30 7 29 28 25 12 
7 25 20 30 21 8 8 
4 6 15 12 30 5 7 
11 6 7 14 3 10 3 
2 1 7 20 5 7 17 

7 29 17 0 10 27 
26 9 3 6 27 12 
23 22 10 19 22 29 
15 19 29 22 25 21 
18 13 23 6 30 26 
23 12 5 26 16 19 

19 21 29 6 10 24 24 1 
3 6 6 13 11 20 11 7 
13 11 6 9 0 17 11 21 
29 24 23 2 19 10 21 18 
9 16 3 17 9 14 6 30 
16 10 30 21 25 22 12 23 
16 25 13 8 14 16 16 19 
11 26 29 30 30 24 27 18 

26 24 18 5 23 11 
8 27 19 25 16 7 
17 15 26 20 19 12 
8 13 17 2 17 1 
9 3 20 23 29 23 
23 2 10 16 20 7 

25 17 9 20 23 25 
24 24 3 13 17 13 
30 11 28 19 1 23 
27 11 11 28 20 10 
13 21 17 25 26 25 
20 18 10 22 2 11 

25 9 27 7 7 14 6 
13 4 1 20 8 2 21 
25 10 5 27 0 10 5 
1 26 19 19 24 1 30 
21 27 1 5 23 15 22 
14 24 3 3 19 16 8 
21 28 27 14 0 5 11 

11 23 26 2 8 16 12 3 
25 6 12 28 6 27 10 8 
3 19 21 22 22 1 4 30 
19 17 24 20 24 23 6 17 
19 5 13 19 8 30 2 2 
23 20 3 28 26 19 3 12 
22 28 26 0 0 0 6 22 
6 30 16 8 11 20 27 20 

11 26 6 19 6 7 5 
18 10 2 8 12 16 4 
25 5 22 7 9 11 21 
21 0 5 13 30 28 8 
11 12 15 12 12 4 27 
11 7 3 29 1 16 24 
20 19 10 7 12 30 24 

12 17 29 3 10 
6 6 8 19 17 
4 11 15 28 19 
17 6 30 24 17 
28 20 23 26 16 

21 26 2 19 0 
11 21 24 13 21 
9 21 0 16 1 
21 27 2 3 12 
20 15 10 12 16 

22 28 26 3 
21 14 0 1 
27 10 22 27 
2 20 20 11 

7 3 25 12 5 12 
29 14 9 20 9 8 
22 6 3 3 26 30 
12 13 29 16 26 5 
19 8 15 18 16 22 
13 19 7 17 1 7 

5 29 14 27 8 11 
13 8 10 10 18 11 
29 18 4 24 25 9 
19 4 5 17 2 14 
21 10 0 23 23 30 
12 22 20 28 0 30 

26 22 26 22 2 4 15 17 23 
4 19 20 12 8 10 27 7 16 
0 24 6 16 22 22 24 20 27 
22 17 14 28 7 6 29 2 18 
26 6 5 20 26 16 8 26 30 
1 27 26 14 18 9 19 8 22 
26 26 10 18 14 4 24 7 16 
17 20 18 22 1 16 12 22 7 
23 4 19 3 3 29 27 30 25 

9 6 5 28 29 22 14 
1 25 15 17 5 28 23 
8 17 25 3 12 5 2 
0 3 16 6 17 3 24 
28 25 18 13 5 1 22 
4 12 8 20 29 14 30 
13 24 3 20 30 15 0 

22 5 22 29 22 3 
9 28 9 12 30 14 
9 18 2 29 4 20 
28 13 16 4 27 26 
8 25 7 25 8 18 
21 0 8 29 17 19 

12 21 0 19 30 23 26 
18 23 27 1 21 30 24 
0 15 29 30 23 6 3 
2 10 9 2 0 18 24 
2 26 18 19 5 9 5 
15 8 28 17 24 15 22 
26 19 23 27 0 21 26 

5 14 15 11 14 
15 30 23 30 12 
9 12 16 29 10 
22 26 28 25 1 
25 13 18 16 11 

15 0 13 6 21 23 6 8 20 
5 8 28 19 20 13 23 28 28 
25 3 23 26 20 7 17 21 16 
1 22 21 29 4 2 19 30 6 
6 6 29 9 22 10 15 16 1 
19 4 3 16 21 14 7 30 25 
11 13 25 0 8 5 11 23 29 
1 26 2 1 28 1 8 24 24 
9 15 16 16 6 30 24 5 2 

4 17 22 3 28 
2 11 1 9 13 
30 21 30 8 16 
13 18 19 24 18 
6 14 9 1 12 

